       N       E                     dE             d eps       ncg     rms          rms(c)
DAV:   1    -0.161670568039E+03   -0.16167E+03   -0.11993E-01  3664   0.269E+00    0.372E-02
DAV:   2    -0.161670569066E+03   -0.10266E-05   -0.27785E-04  4512   0.115E-01    0.324E-02
DAV:   3    -0.161670560782E+03    0.82839E-05   -0.71273E-05  3408   0.580E-02
   1 F= -.16167056E+03 E0= -.16167056E+03  d E =0.000000E+00
