       N       E                     dE             d eps       ncg     rms          rms(c)
DAV:   1    -0.409919852199E+02   -0.40992E+02   -0.16157E-01  1696   0.644E+00    0.719E-02
DAV:   2    -0.409920011203E+02   -0.15900E-04   -0.97592E-05  1960   0.114E-01    0.429E-02
DAV:   3    -0.409920144193E+02   -0.13299E-04   -0.10066E-05  1248   0.343E-02    0.883E-03
DAV:   4    -0.409920149258E+02   -0.50648E-06   -0.14174E-06  1216   0.125E-02
   1 F= -.40992015E+02 E0= -.40992015E+02  d E =0.000000E+00
